hip_flexion_l	hip_adduction_l	knee_angle_l	ankle_angle_l
-0.289026524	0.046774824	-0.143116999	0.1712168
-0.29356438	0.033859387	-0.197047673	0.144164196
-0.288502925	0.01727876	-0.265115513	0.096342175
-0.268780705	-0.003316126	-0.35203291	0.019373155
-0.234572251	-0.025830873	-0.454832803	-0.076096355
-0.185877565	-0.046949357	-0.570199067	-0.169820536
-0.124791042	-0.063180919	-0.691150384	-0.233350521
-0.055152404	-0.071558499	-0.805643983	-0.245567826
0.016580628	-0.072605697	-0.901986157	-0.220260552
0.086044732	-0.067718775	-0.971450262	-0.177325452
0.150621914	-0.058992129	-1.009323906	-0.132645023
0.208741379	-0.048694686	-1.016654289	-0.092153385
0.261101256	-0.038048178	-0.999724596	-0.055850536
0.307527014	-0.028099801	-0.960978286	-0.023387412
0.347145988	-0.019198622	-0.900240828	0.004014257
0.379783645	-0.011519173	-0.820130216	0.025132741
0.405614518	-0.004886922	-0.723962574	0.039095375
0.424638607	0.000523599	-0.614181364	0.045029495
0.435983247	0.004712389	-0.494102711	0.041713369
0.440870169	0.007679449	-0.3705334	0.031939525
0.440695636	0.009250245	-0.252025544	0.020245819
0.437030445	0.009948377	-0.148003921	0.009424778
0.432841654	0.010297443	-0.075049158	0.003141593
0.430398194	0.011693706	-0.039618974	0.00122173
0.430398194	0.015009832	-0.041015237	-0.000174533
0.431096325	0.020594885	-0.072256631	-0.008726646
0.429525529	0.019024089	-0.068765973	-0.029670597
0.426733002	0.027750735	-0.116238928	-0.056723201
0.421147949	0.038746309	-0.164933614	-0.081681409
0.413293967	0.05253441	-0.213977366	-0.088662726
0.400727596	0.068416907	-0.257610598	-0.07278023
0.380132711	0.083426738	-0.285710399	-0.043633231
0.353254641	0.095120444	-0.297404105	-0.014486233
0.321315115	0.102101761	-0.295484242	0.01134464
0.285884931	0.104894288	-0.283441471	0.033510322
0.247662221	0.104021623	-0.264417382	0.052010812
0.207868714	0.101229097	-0.242077167	0.067718775
0.167202542	0.097214839	-0.217468025	0.080983277
0.126012772	0.092676983	-0.191113553	0.091629786
0.084997535	0.08831366	-0.164410016	0.100880031
0.044854962	0.084299403	-0.138928208	0.109606677
0.005759587	0.080983277	-0.115017198	0.118333323
-0.032288591	0.078365283	-0.093724181	0.127409035
-0.069464104	0.076445421	-0.074874625	0.137182879
-0.105766953	0.075223691	-0.059341195	0.147305789
-0.141371669	0.074351026	-0.047472956	0.157952297
-0.175580123	0.073303829	-0.041364303	0.168075207
-0.207345115	0.071733032	-0.042586034	0.177325452
-0.235619449	0.068940505	-0.052359878	0.184306769
-0.259181394	0.064228116	-0.071209433	0.187622895
-0.277158285	0.056897734	-0.101752695	0.183957703

